23289
1138
13534
4786
14635
10519
29018
18704
6078
10567
26979
9682
15798
16282
23958
18925
32746
31198
14682
11245
10968
30343
13923
4261
18222
16047
7270
26120
21901
27657
9864
15547
25811
28373
18888
28229
12672
5828
8734
5958
4317
9445
1185
12621
18457
26072
6363
9029
23533
9094
5135
26076
9843
24348
27028
27368
17259
4532
9402
6343
8795
26933
2786
31151
3465
12432
28353
10280
9295
15066
16252
20543
23685
12869
2604
3796
2300
8837
31375
3390
3416
15330
26850
11443
23712
22221
30048
8270
27179
18989
28715
10897
25728
28583
8323
6914
21874
10397
32644
30757
8125
30969
22031
3899
9349
12311
31361
16538
30940
24097
23306
3501
17866
5294
28701
1125
19056
7825
10221
31763
4314
30682
12867
129
20227
8450
21340
6910
1380
23582
31496
22646
20072
23260
31485
16435
14159
732
2596
11807
20553
25742
29764
7174
28938
13520
13663
18213
19243
10286
23866
3543
32481
907
6317
25201
31136
